           1  1.064103986795496E-003
           2  1.062894111795563E-003
           3  1.061688468261628E-003
           4  1.060487043430351E-003
           5  1.059289824615061E-003
           6  1.058096799205311E-003
           7  1.056907954666439E-003
           8  1.055723278539130E-003
           9  1.054542758438976E-003
          10  1.053366382056050E-003
          11  1.052194137154475E-003
          12  1.051026011572003E-003
          13  1.049861993219588E-003
          14  1.048702070080974E-003
          15  1.047546230212277E-003
          16  1.046394461741582E-003
          17  1.045246752868526E-003
          18  1.044103091863900E-003
          19  1.042963467069246E-003
          20  1.041827866896458E-003
          21  1.040696279827396E-003
          22  1.039568694413486E-003
          23  1.038445099275333E-003
          24  1.037325483102343E-003
          25  1.036209834652334E-003
          26  1.035098142751162E-003
          27  1.033990396292345E-003
          28  1.032886584236692E-003
          29  1.031786695611929E-003
          30  1.030690719512337E-003
          31  1.029598645098388E-003
          32  1.028510461596387E-003
          33  1.027426158298108E-003
          34  1.026345724560447E-003
          35  1.025269149805066E-003
          36  1.024196423518045E-003
          37  1.023127535249539E-003
          38  1.022062474613430E-003
          39  1.021001231286992E-003
          40  1.019943795010549E-003
          41  1.018890155587143E-003
          42  1.017840302882201E-003
          43  1.016794226823210E-003
          44  1.015751917399382E-003
          45  1.014713364661336E-003
          46  1.013678558720776E-003
          47  1.012647489750171E-003
          48  1.011620147982441E-003
          49  1.010596523710639E-003
          50  1.009576607287645E-003
          51  1.008560389125859E-003
          52  1.007547859696886E-003
          53  1.006539009531242E-003
          54  1.005533829218051E-003
          55  1.004532309404743E-003
          56  1.003534440796762E-003
          57  1.002540214157269E-003
          58  1.001549620306853E-003
          59  1.000562650123244E-003
          60  9.995792945410227E-004
          61  9.985995445513365E-004
          62  9.976233912016219E-004
          63  9.966508255953212E-004
          64  9.956818388916103E-004
          65  9.947164223051161E-004
          66  9.937545671056501E-004
          67  9.927962646179361E-004
          68  9.918415062213420E-004
          69  9.908902833496147E-004
          70  9.899425874906158E-004
          71  9.889984101860594E-004
          72  9.880577430312544E-004
          73  9.871205776748467E-004
          74  9.861869058185636E-004
          75  9.852567192169604E-004
          76  9.843300096771717E-004
          77  9.834067690586599E-004
          78  9.824869892729703E-004
          79  9.815706622834869E-004
          80  9.806577801051875E-004
          81  9.797483348044055E-004
          82  9.788423184985907E-004
          83  9.779397233560720E-004
          84  9.770405415958231E-004
          85  9.761447654872310E-004
          86  9.752523873498638E-004
          87  9.743633995532434E-004
          88  9.734777945166165E-004
          89  9.725955647087315E-004
          90  9.717167026476178E-004
          91  9.708412009003598E-004
          92  9.699690520828801E-004
          93  9.691002488597224E-004
          94  9.682347839438378E-004
          95  9.673726500963655E-004
          96  9.665138401264283E-004
          97  9.656583468909172E-004
          98  9.648061632942833E-004
          99  9.639572822883358E-004
         100  9.631116968720338E-004
         101  9.622694000912841E-004
         102  9.614303850387391E-004
         103  9.605946448535988E-004
         104  9.597621727214136E-004
         105  9.589329618738870E-004
         106  9.581070055886824E-004
         107  9.572842971892285E-004
         108  9.564648300445321E-004
         109  9.556485975689873E-004
         110  9.548355932221843E-004
         111  9.540258105087292E-004
         112  9.532192429780578E-004
         113  9.524158842242491E-004
         114  9.516157278858530E-004
         115  9.508187676457018E-004
         116  9.500249972307367E-004
         117  9.492344104118329E-004
         118  9.484470010036230E-004
         119  9.476627628643245E-004
         120  9.468816898955675E-004
         121  9.461037760422242E-004
         122  9.453290152922450E-004
         123  9.445574016764886E-004
         124  9.437889292685552E-004
         125  9.430235921846231E-004
         126  9.422613845832884E-004
         127  9.415023006654051E-004
         128  9.407463346739229E-004
         129  9.399934808937308E-004
         130  9.392437336515002E-004
         131  9.384970873155302E-004
         132  9.377535362955949E-004
         133  9.370130750427933E-004
         134  9.362756980493922E-004
         135  9.355413998486836E-004
         136  9.348101750148328E-004
         137  9.340820181627366E-004
         138  9.333569239478751E-004
         139  9.326348870661693E-004
         140  9.319159022538391E-004
         141  9.311999642872609E-004
         142  9.304870679828317E-004
         143  9.297772081968273E-004
         144  9.290703798252684E-004
         145  9.283665778037857E-004
         146  9.276657971074844E-004
         147  9.269680327508114E-004
         148  9.262732797874258E-004
         149  9.255815333100678E-004
         150  9.248927884504328E-004
         151  9.242070403790401E-004
         152  9.235242843051058E-004
         153  9.228445154764274E-004
         154  9.221677291792509E-004
         155  9.214939207381514E-004
         156  9.208230855159155E-004
         157  9.201552189134168E-004
         158  9.194903163695014E-004
         159  9.188283733608728E-004
         160  9.181693854019691E-004
         161  9.175133480448560E-004
         162  9.168602568791075E-004
         163  9.162101075316982E-004
         164  9.155628956668910E-004
         165  9.149186169861304E-004
         166  9.142772672279281E-004
         167  9.136388421677617E-004
         168  9.130033376179654E-004
         169  9.123707494276267E-004
         170  9.117410734824861E-004
         171  9.111143057048266E-004
         172  9.104904420533820E-004
         173  9.098694785232306E-004
         174  9.092514111457001E-004
         175  9.086362359882715E-004
         176  9.080239491544736E-004
         177  9.074145467838006E-004
         178  9.068080250516099E-004
         179  9.062043801690299E-004
         180  9.056036083828716E-004
         181  9.050057059755359E-004
         182  9.044106692649264E-004
         183  9.038184946043565E-004
         184  9.032291783824676E-004
         185  9.026427170231395E-004
         186  9.020591069854090E-004
         187  9.014783447633805E-004
         188  9.009004268861526E-004
         189  9.003253499177264E-004
         190  8.997531104569318E-004
         191  8.991837051373497E-004
         192  8.986171306272263E-004
         193  8.980533836294028E-004
         194  8.974924608812331E-004
         195  8.969343591545216E-004
         196  8.963790752554332E-004
         197  8.958266060244311E-004
         198  8.952769483362043E-004
         199  8.947300990995953E-004
         200  8.941860552575294E-004
         201  8.936448137869517E-004
         202  8.931063716987512E-004
         203  8.925707260377024E-004
         204  8.920378738824011E-004
         205  8.915078123451913E-004
         206  8.909805385721106E-004
         207  8.904560497428268E-004
         208  8.899343430705725E-004
         209  8.894154158020925E-004
         210  8.888992652175800E-004
         211  8.883858886306211E-004
         212  8.878752833881419E-004
         213  8.873674468703393E-004
         214  8.868623764906443E-004
         215  8.863600696956503E-004
         216  8.858605239650821E-004
         217  8.853637368117262E-004
         218  8.848697057813918E-004
         219  8.843784284528532E-004
         220  8.838899024378070E-004
         221  8.834041253808236E-004
         222  8.829210949593027E-004
         223  8.824408088834188E-004
         224  8.819632648960946E-004
         225  8.814884607729402E-004
         226  8.810163943222216E-004
         227  8.805470633848183E-004
         228  8.800804658341822E-004
         229  8.796165995762932E-004
         230  8.791554625496270E-004
         231  8.786970527251172E-004
         232  8.782413681061239E-004
         233  8.777884067283939E-004
         234  8.773381666600228E-004
         235  8.768906460014296E-004
         236  8.764458428853182E-004
         237  8.760037554766521E-004
         238  8.755643819726304E-004
         239  8.751277206026344E-004
         240  8.746937696282308E-004
         241  8.742625273431278E-004
         242  8.738339920731452E-004
         243  8.734081621762077E-004
         244  8.729850360422898E-004
         245  8.725646120934349E-004
         246  8.721468887837079E-004
         247  8.717318645991644E-004
         248  8.713195380578603E-004
         249  8.709099077098106E-004
         250  8.705029721369794E-004
         251  8.700987299532670E-004
         252  8.696971798044705E-004
         253  8.692983203683139E-004
         254  8.689021503544022E-004
         255  8.685086685042085E-004
         256  8.681178735910635E-004
         257  8.677297644201626E-004
         258  8.673443398285435E-004
         259  8.669615986850762E-004
         260  8.665815398904478E-004
         261  8.662041623771791E-004
         262  8.658294651095961E-004
         263  8.654574470838405E-004
         264  8.650881073278651E-004
         265  8.647214449014146E-004
         266  8.643574588960391E-004
         267  8.639961484350912E-004
         268  8.636375126737322E-004
         269  8.632815507989201E-004
         270  8.629282620294215E-004
         271  8.625776456158178E-004
         272  8.622297008405018E-004
         273  8.618844270176718E-004
         274  8.615418234933870E-004
         275  8.612018896454993E-004
         276  8.608646248837467E-004
         277  8.605300286496864E-004
         278  8.601981004167459E-004
         279  8.598688396902501E-004
         280  8.595422460073879E-004
         281  8.592183189372636E-004
         282  8.588970580808941E-004
         283  8.585784630712297E-004
         284  8.582625335731794E-004
         285  8.579492692836102E-004
         286  8.576386699313846E-004
         287  8.573307352773666E-004
         288  8.570254651144545E-004
         289  8.567228592675908E-004
         290  8.564229175938081E-004
         291  8.561256399822224E-004
         292  8.558310263540810E-004
         293  8.555390766627933E-004
         294  8.552497908939366E-004
         295  8.549631690652799E-004
         296  8.546792112268578E-004
         297  8.543979174609707E-004
         298  8.541192878821993E-004
         299  8.538433226374840E-004
         300  8.535700219061108E-004
         301  8.532993858997917E-004
         302  8.530314148626556E-004
         303  8.527661090713121E-004
         304  8.525034688348984E-004
         305  8.522434944950941E-004
         306  8.519861864261769E-004
         307  8.517315450350899E-004
         308  8.514795707614171E-004
         309  8.512302640774805E-004
         310  8.509836254883795E-004
         311  8.507396555320304E-004
         312  8.504983547792026E-004
         313  8.502597238335814E-004
         314  8.500237633318360E-004
         315  8.497904739436199E-004
         316  8.495598563716660E-004
         317  8.493319113518264E-004
         318  8.491066396531153E-004
         319  8.488840420777922E-004
         320  8.486641194613908E-004
         321  8.484468726727878E-004
         322  8.482323026142860E-004
         323  8.480204102216160E-004
         324  8.478111964640557E-004
         325  8.476046623444607E-004
         326  8.474008088993521E-004
         327  8.471996371989444E-004
         328  8.470011483472737E-004
         329  8.468053434821780E-004
         330  8.466122237754478E-004
         331  8.464217904328481E-004
         332  8.462340446941999E-004
         333  8.460489878334679E-004
         334  8.458666211588380E-004
         335  8.456869460127580E-004
         336  8.455099637720081E-004
         337  8.453356758478584E-004
         338  8.451640836860261E-004
         339  8.449951887669082E-004
         340  8.448289926055180E-004
         341  8.446654967516253E-004
         342  8.445047027898754E-004
         343  8.443466123398029E-004
         344  8.441912270559759E-004
         345  8.440385486280815E-004
         346  8.438885787809386E-004
         347  8.437413192747243E-004
         348  8.435967719049538E-004
         349  8.434549385025882E-004
         350  8.433158209341815E-004
         351  8.431794211019184E-004
         352  8.430457409437592E-004
         353  8.429147824334938E-004
         354  8.427865475808885E-004
         355  8.426610384317685E-004
         356  8.425382570680749E-004
         357  8.424182056080755E-004
         358  8.423008862063311E-004
         359  8.421863010539301E-004
         360  8.420744523785082E-004
         361  8.419653424444332E-004
         362  8.418589735528341E-004
         363  8.417553480418033E-004
         364  8.416544682864194E-004
         365  8.415563366989241E-004
         366  8.414609557288612E-004
         367  8.413683278630750E-004
         368  8.412784556259827E-004
         369  8.411913415796278E-004
         370  8.411069883237446E-004
         371  8.410253984960168E-004
         372  8.409465747720933E-004
         373  8.408705198657422E-004
         374  8.407972365289704E-004
         375  8.407267275522512E-004
         376  8.406589957644656E-004
         377  8.405940440332355E-004
         378  8.405318752649866E-004
         379  8.404724924050301E-004
         380  8.404158984377717E-004
         381  8.403620963867702E-004
         382  8.403110893150072E-004
         383  8.402628803249313E-004
         384  8.402174725586337E-004
         385  8.401748691980164E-004
         386  8.401350734648799E-004
         387  8.400980886211597E-004
         388  8.400639179690116E-004
         389  8.400325648509918E-004
         390  8.400040326502140E-004
         391  8.399783247904751E-004
         392  8.399554447364812E-004
         393  8.399353959939748E-004
         394  8.399181821098699E-004
         395  8.399038066724372E-004
         396  8.398922733114975E-004
         397  8.398835856985809E-004
         398  8.398777475470286E-004
         399  8.398747626122824E-004
         400  8.398746346919707E-004
         401  8.398773676261147E-004
         402  8.398829652972865E-004
         403  8.398914316308588E-004
         404  8.399027705950510E-004
         405  8.399169862013107E-004
         406  8.399340825042858E-004
         407  8.399540636021941E-004
         408  8.399769336368606E-004
         409  8.400026967940287E-004
         410  8.400313573034378E-004
         411  8.400629194392255E-004
         412  8.400973875198335E-004
         413  8.401347659084688E-004
         414  8.401750590131618E-004
         415  8.402182712869923E-004
         416  8.402644072283630E-004
         417  8.403134713810957E-004
         418  8.403654683347633E-004
         419  8.404204027248286E-004
         420  8.404782792328354E-004
         421  8.405391025867146E-004
         422  8.406028775608977E-004
         423  8.406696089766711E-004
         424  8.407393017022769E-004
         425  8.408119606531766E-004
         426  8.408875907923308E-004
         427  8.409661971303770E-004
         428  8.410477847258485E-004
         429  8.411323586854335E-004
         430  8.412199241642820E-004
         431  8.413104863661104E-004
         432  8.414040505436187E-004
         433  8.415006219984770E-004
         434  8.416002060818741E-004
         435  8.417028081945243E-004
         436  8.418084337871032E-004
         437  8.419170883603183E-004
         438  8.420287774654182E-004
         439  8.421435067041647E-004
         440  8.422612817292248E-004
         441  8.423821082446110E-004
         442  8.425059920056448E-004
         443  8.426329388194323E-004
         444  8.427629545449979E-004
         445  8.428960450937032E-004
         446  8.430322164294698E-004
         447  8.431714745690624E-004
         448  8.433138255822625E-004
         449  8.434592755923541E-004
         450  8.436078307762860E-004
         451  8.437594973650040E-004
         452  8.439142816437494E-004
         453  8.440721899523546E-004
         454  8.442332286854523E-004
         455  8.443974042930078E-004
         456  8.445647232803792E-004
         457  8.447351922088139E-004
         458  8.449088176955613E-004
         459  8.450856064144706E-004
         460  8.452655650960479E-004
         461  8.454487005278949E-004
         462  8.456350195550908E-004
         463  8.458245290804310E-004
         464  8.460172360647530E-004
         465  8.462131475273084E-004
         466  8.464122705461179E-004
         467  8.466146122583876E-004
         468  8.468201798605435E-004
         469  8.470289806090329E-004
         470  8.472410218203390E-004
         471  8.474563108714493E-004
         472  8.476748552001658E-004
         473  8.478966623056631E-004
         474  8.481217397485921E-004
         475  8.483500951516154E-004
         476  8.485817361996548E-004
         477  8.488166706404194E-004
         478  8.490549062846451E-004
         479  8.492964510067207E-004
         480  8.495413127446573E-004
         481  8.497894995008670E-004
         482  8.500410193424041E-004
         483  8.502958804014188E-004
         484  8.505540908754570E-004
         485  8.508156590280244E-004
         486  8.510805931887870E-004
         487  8.513489017542258E-004
         488  8.516205931878872E-004
         489  8.518956760208420E-004
         490  8.521741588521454E-004
         491  8.524560503493652E-004
         492  8.527413592487945E-004
         493  8.530300943560428E-004
         494  8.533222645464457E-004
         495  8.536178787654259E-004
         496  8.539169460292050E-004
         497  8.542194754249970E-004
         498  8.545254761116556E-004
         499  8.548349573198882E-004
         500  5.074400505643507E-004
         501  3.946683513733785E-004
         502  3.938232869357250E-004
         503  3.929792616864379E-004
         504  3.921362692218033E-004
         505  3.912943031605051E-004
         506  3.904533571434316E-004
         507  3.896134248336006E-004
         508  3.887744999159654E-004
         509  3.879365760972964E-004
         510  3.870996471060222E-004
         511  3.862637066921292E-004
         512  3.854287486269664E-004
         513  3.845947667031649E-004
         514  3.837617547344542E-004
         515  3.829297065555557E-004
         516  3.820986160220285E-004
         517  3.812684770101525E-004
         518  3.804392834167664E-004
         519  3.796110291591699E-004
         520  3.787837081749621E-004
         521  3.779573144219158E-004
         522  3.771318418778631E-004
         523  3.763072845405404E-004
         524  3.754836364274924E-004
         525  3.746608915758817E-004
         526  3.738390440424437E-004
         527  3.730180879032929E-004
         528  3.721980172538083E-004
         529  3.713788262085441E-004
         530  3.705605089010699E-004
         531  3.697430594838509E-004
         532  3.689264721281201E-004
         533  3.681107410237732E-004
         534  3.672958603792340E-004
         535  3.664818244213281E-004
         536  3.656686273951365E-004
         537  3.648562635639633E-004
         538  3.640447272091210E-004
         539  3.632340126298623E-004
         540  3.624241141432428E-004
         541  3.616150260839694E-004
         542  3.608067428043702E-004
         543  3.599992586741732E-004
         544  3.591925680805017E-004
         545  3.583866654276582E-004
         546  3.575815451370600E-004
         547  3.567772016470941E-004
         548  3.559736294130610E-004
         549  3.551708229069983E-004
         550  3.543687766176034E-004
         551  3.535674850500874E-004
         552  3.527669427261001E-004
         553  3.519671441836245E-004
         554  3.511680839768370E-004
         555  3.503697566759701E-004
         556  3.495721568672598E-004
         557  3.487752791528281E-004
         558  3.479791181505640E-004
         559  3.471836684939706E-004
         560  3.463889248321400E-004
         561  3.455948818296003E-004
         562  3.448015341661744E-004
         563  3.440088765369590E-004
         564  3.432169036521531E-004
         565  3.424256102369762E-004
         566  3.416349910315664E-004
         567  3.408450407908421E-004
         568  3.400557542844531E-004
         569  3.392671262966261E-004
         570  3.384791516260921E-004
         571  3.376918250859806E-004
         572  3.369051415037131E-004
         573  3.361190957209160E-004
         574  3.353336825932761E-004
         575  3.345488969904729E-004
         576  3.337647337960984E-004
         577  3.329811879074934E-004
         578  3.321982542357158E-004
         579  3.314159277054054E-004
         580  3.306342032546915E-004
         581  3.298530758351101E-004
         582  3.290725404114575E-004
         583  3.282925919617503E-004
         584  3.275132254771056E-004
         585  3.267344359616305E-004
         586  3.259562184323297E-004
         587  3.251785679190549E-004
         588  3.244014794643400E-004
         589  3.236249481233468E-004
         590  3.228489689637575E-004
         591  3.220735370657055E-004
         592  3.212986475216371E-004
         593  3.205242954362383E-004
         594  3.197504759263565E-004
         595  3.189771841208673E-004
         596  3.182044151606399E-004
         597  3.174321641983911E-004
         598  3.166604263986152E-004
         599  3.158891969375023E-004
         600  3.151184710028156E-004
         601  3.143482437938730E-004
         602  3.135785105213250E-004
         603  3.128092664071992E-004
         604  3.120405066847290E-004
         605  3.112722265982982E-004
         606  3.105044214033344E-004
         607  3.097370863662185E-004
         608  3.089702167641884E-004
         609  3.082038078853253E-004
         610  3.074378550283223E-004
         611  3.066723535025263E-004
         612  3.059072986278016E-004
         613  3.051426857344510E-004
         614  3.043785101630617E-004
         615  3.036147672644854E-004
         616  3.028514523998076E-004
         617  3.020885609401136E-004
         618  3.013260882665644E-004
         619  3.005640297701097E-004
         620  2.998023808516194E-004
         621  2.990411369216593E-004
         622  2.982802934004594E-004
         623  2.975198457177962E-004
         624  2.967597893129205E-004
         625  2.960001196344820E-004
         626  2.952408321404376E-004
         627  2.944819222979345E-004
         628  2.937233855833262E-004
         629  2.929652174819823E-004
         630  2.922074134882154E-004
         631  2.914499691052544E-004
         632  2.906928798451460E-004
         633  2.899361412286193E-004
         634  2.891797487850289E-004
         635  2.884236980523390E-004
         636  2.876679845769461E-004
         637  2.869126039136208E-004
         638  2.861575516254516E-004
         639  2.854028232837610E-004
         640  2.846484144679692E-004
         641  2.838943207655713E-004
         642  2.831405377720965E-004
         643  2.823870610908943E-004
         644  2.816338863330847E-004
         645  2.808810091176455E-004
         646  2.801284250711156E-004
         647  2.793761298276416E-004
         648  2.786241190287433E-004
         649  2.778723883235300E-004
         650  2.771209333682657E-004
         651  2.763697498265901E-004
         652  2.756188333691917E-004
         653  2.748681796739110E-004
         654  2.741177844255962E-004
         655  2.733676433159307E-004
         656  2.726177520435364E-004
         657  2.718681063137778E-004
         658  2.711187018386299E-004
         659  2.703695343367352E-004
         660  2.696205995332409E-004
         661  2.688718931597157E-004
         662  2.681234109541358E-004
         663  2.673751486607040E-004
         664  2.666271020298434E-004
         665  2.658792668181131E-004
         666  2.651316387881148E-004
         667  2.643842137084015E-004
         668  2.636369873534082E-004
         669  2.628899555034338E-004
         670  2.621431139444146E-004
         671  2.613964584679603E-004
         672  2.606499848713052E-004
         673  2.599036889571485E-004
         674  2.591575665335494E-004
         675  2.584116134139515E-004
         676  2.576658254170471E-004
         677  2.569201983666990E-004
         678  2.561747280918922E-004
         679  2.554294104265279E-004
         680  2.546842412096097E-004
         681  2.539392162848457E-004
         682  2.531943315008485E-004
         683  2.524495827108875E-004
         684  2.517049657728391E-004
         685  2.509604765491300E-004
         686  2.502161109066870E-004
         687  2.494718647167965E-004
         688  2.487277338551195E-004
         689  2.479837142014618E-004
         690  2.472398016398678E-004
         691  2.464959920583932E-004
         692  2.457522813491595E-004
         693  2.450086654081457E-004
         694  2.442651401352228E-004
         695  2.435217014339708E-004
         696  2.427783452117286E-004
         697  2.420350673794319E-004
         698  2.412918638514868E-004
         699  2.405487305457579E-004
         700  2.398056633835609E-004
         701  2.390626582894436E-004
         702  2.383197111911955E-004
         703  2.375768180197159E-004
         704  2.368339747090260E-004
         705  2.360911771960786E-004
         706  2.353484214207280E-004
         707  2.346057033256631E-004
         708  2.338630188563543E-004
         709  2.331203639608825E-004
         710  2.323777345899559E-004
         711  2.316351266967804E-004
         712  2.308925362370133E-004
         713  2.301499591686169E-004
         714  2.294073914518690E-004
         715  2.286648290492646E-004
         716  2.279222679253607E-004
         717  2.271797040468251E-004
         718  2.264371333821345E-004
         719  2.256945519018374E-004
         720  2.249519555781752E-004
         721  2.242093403851684E-004
         722  2.234667022983731E-004
         723  2.227240372950727E-004
         724  2.219813413538707E-004
         725  2.212386104548922E-004
         726  2.204958405795401E-004
         727  2.197530277104700E-004
         728  2.190101678315282E-004
         729  2.182672569276002E-004
         730  2.175242909845839E-004
         731  2.167812659893428E-004
         732  2.160381779296347E-004
         733  2.152950227938652E-004
         734  2.145517965712249E-004
         735  2.138084952514465E-004
         736  2.130651148248508E-004
         737  2.123216512821517E-004
         738  2.115781006144401E-004
         739  2.108344588131442E-004
         740  2.100907218698631E-004
         741  2.093468857763229E-004
         742  2.086029465242848E-004
         743  2.078589001055094E-004
         744  2.071147425115696E-004
         745  2.063704697339551E-004
         746  2.056260777638004E-004
         747  2.048815625918882E-004
         748  2.041369202085696E-004
         749  2.033921466036841E-004
         750  2.026472377664309E-004
         751  2.019021896853752E-004
         752  2.011569983482966E-004
         753  2.004116597421474E-004
         754  1.996661698528953E-004
         755  1.989205246655522E-004
         756  1.981747201640313E-004
         757  1.974287523310567E-004
         758  1.966826171481019E-004
         759  1.959363105952839E-004
         760  1.951898286513279E-004
         761  1.944431672934680E-004
         762  1.936963224972796E-004
         763  1.929492902367824E-004
         764  1.922020664841436E-004
         765  1.914546472097476E-004
         766  1.907070283820792E-004
         767  1.899592059676114E-004
         768  1.892111759306800E-004
         769  1.884629342335285E-004
         770  1.877144768361481E-004
         771  1.869657996961489E-004
         772  1.862168987687760E-004
         773  1.854677700067731E-004
         774  1.847184093602572E-004
         775  1.839688127767949E-004
         776  1.832189762010669E-004
         777  1.824688955749933E-004
         778  1.817185668375781E-004
         779  1.809679859248418E-004
         780  1.802171487697389E-004
         781  1.794660513019706E-004
         782  1.787146894481048E-004
         783  1.779630591312797E-004
         784  1.772111562712650E-004
         785  1.764589767843259E-004
         786  1.757065165831997E-004
         787  1.749537715768443E-004
         788  1.742007376705238E-004
         789  1.734474107656994E-004
         790  1.726937867598768E-004
         791  1.719398615465710E-004
         792  1.711856310151896E-004
         793  1.704310910509772E-004
         794  1.696762375349516E-004
         795  1.689210663437510E-004
         796  1.681655733496410E-004
         797  1.674097544203066E-004
         798  1.666536054189274E-004
         799  1.658971222039670E-004
         800  1.651403006291391E-004
         801  1.643831365433309E-004
         802  1.636256257904720E-004
         803  1.628677642095068E-004
         804  1.621095476342754E-004
         805  1.613509718934605E-004
         806  1.605920328105112E-004
         807  1.598327262034622E-004
         808  1.590730478850005E-004
         809  1.583129936622647E-004
         810  1.575525593367811E-004
         811  1.567917407044991E-004
         812  1.560305335555379E-004
         813  1.552689336742197E-004
         814  1.545069368389262E-004
         815  1.537445388220392E-004
         816  1.529817353899045E-004
         817  1.522185223026375E-004
         818  1.514548953141676E-004
         819  1.506908501720972E-004
         820  1.499263826176280E-004
         821  1.491614883854397E-004
         822  1.483961632036930E-004
         823  1.476304027939036E-004
         824  1.468642028708718E-004
         825  1.460975591425833E-004
         826  1.453304673101444E-004
         827  1.445629230677501E-004
         828  1.437949221025484E-004
         829  1.430264600945576E-004
         830  1.422575327166146E-004
         831  1.414881356343296E-004
         832  1.407182645059949E-004
         833  1.399479149824120E-004
         834  1.391770827069933E-004
         835  1.384057633155645E-004
         836  1.376339524363357E-004
         837  1.368616456897517E-004
         838  1.360888386886093E-004
         839  1.353155270377586E-004
         840  1.345417063342134E-004
         841  1.337673721669922E-004
         842  1.329925201170618E-004
         843  1.322171457572594E-004
         844  1.314412446522682E-004
         845  1.306648123585353E-004
         846  1.298878444242091E-004
         847  1.291103363890581E-004
         848  1.283322837844055E-004
         849  1.275536821331198E-004
         850  1.267745269494945E-004
         851  1.259948137392466E-004
         852  1.252145379993908E-004
         853  1.244336952182573E-004
         854  1.236522808753982E-004
         855  1.228702904415379E-004
         856  1.220877193785164E-004
         857  1.213045631392772E-004
         858  1.205208171677697E-004
         859  1.197364768989417E-004
         860  1.189515377586847E-004
         861  1.181659951637771E-004
         862  1.173798445218768E-004
         863  1.165930812314358E-004
         864  1.158057006816981E-004
         865  1.150176982526874E-004
         866  1.142290693151230E-004
         867  1.134398092304162E-004
         868  1.126499133506547E-004
         869  1.118593770185709E-004
         870  1.110681955674996E-004
         871  1.102763643213968E-004
         872  1.094838785948001E-004
         873  1.086907336928427E-004
         874  1.078969249111786E-004
         875  1.071024475360540E-004
         876  1.063072968442554E-004
         877  1.055114681031618E-004
         878  1.047149565706884E-004
         879  1.039177574953183E-004
         880  1.031198661161120E-004
         881  1.023212776627328E-004
         882  1.015219873554964E-004
         883  1.007219904053351E-004
         884  9.992128201383662E-005
         885  9.911985737331088E-005
         886  9.831771166681413E-005
         887  9.751484006820502E-005
         888  9.671123774218674E-005
         889  9.590689984428837E-005
         890  9.510182152106272E-005
         891  9.429599791007021E-005
         892  9.348942413994072E-005
         893  9.268209533048541E-005
         894  9.187400659277400E-005
         895  9.106515302922630E-005
         896  9.025552973369666E-005
         897  8.944513179159524E-005
         898  8.863395428000432E-005
         899  8.782199226782394E-005
         900  8.700924081583302E-005
         901  8.619569497688881E-005
         902  8.538134979604838E-005
         903  8.456620031076437E-005
         904  8.375024155098087E-005
         905  8.293346853938330E-005
         906  8.211587629155215E-005
         907  8.129745981616353E-005
         908  8.047821411519209E-005
         909  7.965813418416126E-005
         910  7.883721501236274E-005
         911  7.801545158305508E-005
         912  7.719283887383502E-005
         913  7.636937185678170E-005
         914  7.554504549885411E-005
         915  7.471985476213129E-005
         916  7.389379460413750E-005
         917  7.306685997821273E-005
         918  7.223904583381851E-005
         919  7.141034711692933E-005
         920  7.058075877043043E-005
         921  6.975027573449217E-005
         922  6.891889294701800E-005
         923  6.808660534411504E-005
         924  6.725340786048886E-005
         925  6.641929543000380E-005
         926  6.558426298616460E-005
         927  6.474830546264998E-005
         928  6.391141779387472E-005
         929  6.307359491558500E-005
         930  6.223483176545842E-005
         931  6.139512328375371E-005
         932  6.055446441398716E-005
         933  5.971285010360979E-005
         934  5.887027530474370E-005
         935  5.802673497496125E-005
         936  5.718222407806763E-005
         937  5.633673758492314E-005
         938  5.549027047431444E-005
         939  5.464281773385112E-005
         940  5.379437436091410E-005
         941  5.294493536361347E-005
         942  5.209449576182055E-005
         943  5.124305058820866E-005
         944  5.039059488936269E-005
         945  4.953712372690341E-005
         946  4.868263217866504E-005
         947  4.782711533992569E-005
         948  4.697056832465734E-005
         949  4.611298626683205E-005
         950  4.525436432176381E-005
         951  4.439469766746610E-005
         952  4.353398150607830E-005
         953  4.267221106530255E-005
         954  4.180938159985758E-005
         955  4.094548839296086E-005
         956  4.008052675782638E-005
         957  3.921449203913611E-005
         958  3.834737961450814E-005
         959  3.747918489592040E-005
         960  3.660990333108716E-005
         961  3.573953040472509E-005
         962  3.486806163970635E-005
         963  3.399549259802123E-005
         964  3.312181888152071E-005
         965  3.224703613233013E-005
         966  3.137114003287925E-005
         967  3.049412630537858E-005
         968  2.961599071063289E-005
         969  2.873672904597235E-005
         970  2.785633714205381E-005
         971  2.697481085820963E-005
         972  2.609214607592070E-005
         973  2.520833868986558E-005
         974  2.432338459583387E-005
         975  2.343727967452636E-005
         976  2.255001977000823E-005
         977  2.166160066106406E-005
         978  2.077201802315885E-005
         979  1.988126737778845E-005
         980  1.898934402478960E-005
         981  1.809624295133614E-005
         982  1.720195870868956E-005
         983  1.630648524371257E-005
         984  1.540981566597644E-005
         985  1.451194192158999E-005
         986  1.361285432932031E-005
         987  1.271254090897455E-005
         988  1.181098638856993E-005
         989  1.090817070064509E-005
         990  1.000406663923253E-005
         991  9.098636084545306E-006
         992  8.191823671902514E-006
         993  7.283545649928099E-006
         994  6.373669074694510E-006
         995  5.461969949553930E-006
         996  4.548040451020534E-006
         997  3.631054510703647E-006
         998  2.709051586118537E-006
         999  1.775955260335467E-006
        1000  7.973606426398711E-007
  1.568115609131671E-003
